[gd_scene load_steps=9 format=2]

[ext_resource path="res://ready_scene/models/chuYin.dae" type="PackedScene" id=1]
[ext_resource path="res://scripts/hand_to_foot/Skeleton.gd" type="Script" id=2]
[ext_resource path="res://scenes/AnimationPlayer.gd" type="Script" id=3]
[ext_resource path="res://sounds/walking-on-pavement-looping.wav" type="AudioStream" id=4]
[ext_resource path="res://scenes/sounds/sound.tscn" type="PackedScene" id=5]

[sub_resource type="BoxShape" id=1]
extents = Vector3( 0.230475, 0.226272, 0.232549 )

[sub_resource type="BoxShape" id=2]
extents = Vector3( 0.108879, 0.0861872, 0.989394 )

[sub_resource type="BoxShape" id=3]
extents = Vector3( 0.384139, 0.324648, 1 )

[node name="miku" index="0" instance=ExtResource( 1 )]

[node name="初音ミク" parent="." index="0"]
editor/display_folded = true

[node name="b_skirt2_L" parent="初音ミク" index="0"]
visible = false

[node name="b_skirt2_R" parent="初音ミク" index="1"]
visible = false

[node name="b_skirt_L" parent="初音ミク" index="2"]
visible = false

[node name="b_skirt_R" parent="初音ミク" index="3"]
visible = false

[node name="f_hair1" parent="初音ミク" index="4"]
visible = false

[node name="f_hair2" parent="初音ミク" index="5"]
visible = false

[node name="f_hair3" parent="初音ミク" index="6"]
visible = false

[node name="f_skirt2_L" parent="初音ミク" index="7"]
visible = false

[node name="f_skirt2_R" parent="初音ミク" index="8"]
visible = false

[node name="f_skirt_L" parent="初音ミク" index="9"]
visible = false

[node name="f_skirt_R" parent="初音ミク" index="10"]
visible = false

[node name="hair1_L" parent="初音ミク" index="11"]
visible = false

[node name="hair1_R" parent="初音ミク" index="12"]
visible = false

[node name="hair2_L" parent="初音ミク" index="13"]
visible = false

[node name="hair2_R" parent="初音ミク" index="14"]
visible = false

[node name="hair3_L" parent="初音ミク" index="15"]
visible = false

[node name="hair3_R" parent="初音ミク" index="16"]
visible = false

[node name="hair4_L" parent="初音ミク" index="17"]
visible = false

[node name="hair4_R" parent="初音ミク" index="18"]
visible = false

[node name="hair5_L" parent="初音ミク" index="19"]
visible = false

[node name="hair5_R" parent="初音ミク" index="20"]
visible = false

[node name="hair6_L" parent="初音ミク" index="21"]
visible = false

[node name="hair6_R" parent="初音ミク" index="22"]
visible = false

[node name="necktie1" parent="初音ミク" index="23"]
visible = false

[node name="necktie2" parent="初音ミク" index="24"]
visible = false

[node name="necktie3" parent="初音ミク" index="25"]
visible = false

[node name="w_accessory" parent="初音ミク" index="26"]
visible = false

[node name="Skeleton" parent="初音ミク/初音ミク_arm" index="0"]
bones/3/bound_children = [ NodePath("head2") ]
bones/8/bound_children = [ NodePath("hairL") ]
bones/15/bound_children = [ NodePath("hairR") ]
bones/40/bound_children = [ NodePath("hand") ]
bones/89/bound_children = [ NodePath("body"), NodePath("body_down") ]
bones/98/bound_children = [ NodePath("Leftfoot") ]
bones/106/bound_children = [ NodePath("rightfoot") ]
script = ExtResource( 2 )

[node name="arm_L" parent="初音ミク/初音ミク_arm/Skeleton" index="0"]
visible = false

[node name="arm_R" parent="初音ミク/初音ミク_arm/Skeleton" index="1"]
visible = false

[node name="chin" parent="初音ミク/初音ミク_arm/Skeleton" index="2"]
visible = false

[node name="elbow_L" parent="初音ミク/初音ミク_arm/Skeleton" index="3"]
visible = false

[node name="elbow_R" parent="初音ミク/初音ミク_arm/Skeleton" index="4"]
visible = false

[node name="head" parent="初音ミク/初音ミク_arm/Skeleton" index="5"]
editor/display_folded = true
visible = false

[node name="f_hair1001" parent="初音ミク/初音ミク_arm/Skeleton/head" index="0"]
visible = false

[node name="f_hair2001" parent="初音ミク/初音ミク_arm/Skeleton/head" index="1"]
visible = false

[node name="f_hair3001" parent="初音ミク/初音ミク_arm/Skeleton/head" index="2"]
visible = false

[node name="hair1_L001" parent="初音ミク/初音ミク_arm/Skeleton/head" index="3"]
visible = false

[node name="hair1_R001" parent="初音ミク/初音ミク_arm/Skeleton/head" index="4"]
visible = false

[node name="knee_L" parent="初音ミク/初音ミク_arm/Skeleton" index="6"]
visible = false

[node name="knee_R" parent="初音ミク/初音ミク_arm/Skeleton" index="7"]
visible = false

[node name="l_body" parent="初音ミク/初音ミク_arm/Skeleton" index="8"]
editor/display_folded = true
visible = false

[node name="b_skirt_L001" parent="初音ミク/初音ミク_arm/Skeleton/l_body" index="0"]
visible = false

[node name="b_skirt_R001" parent="初音ミク/初音ミク_arm/Skeleton/l_body" index="1"]
visible = false

[node name="f_skirt_L001" parent="初音ミク/初音ミク_arm/Skeleton/l_body" index="2"]
visible = false

[node name="f_skirt_R001" parent="初音ミク/初音ミク_arm/Skeleton/l_body" index="3"]
visible = false

[node name="w_accessory001" parent="初音ミク/初音ミク_arm/Skeleton/l_body" index="4"]
visible = false

[node name="leg1_L" parent="初音ミク/初音ミク_arm/Skeleton" index="9"]
visible = false

[node name="leg1_R" parent="初音ミク/初音ミク_arm/Skeleton" index="10"]
visible = false

[node name="leg2_L" parent="初音ミク/初音ミク_arm/Skeleton" index="11"]
visible = false

[node name="leg2_R" parent="初音ミク/初音ミク_arm/Skeleton" index="12"]
visible = false

[node name="neck" parent="初音ミク/初音ミク_arm/Skeleton" index="13"]
visible = false

[node name="u_body1" parent="初音ミク/初音ミク_arm/Skeleton" index="14"]
editor/display_folded = true
visible = false

[node name="necktie1001" parent="初音ミク/初音ミク_arm/Skeleton/u_body1" index="0"]
visible = false

[node name="u_body2" parent="初音ミク/初音ミク_arm/Skeleton" index="15"]
visible = false

[node name="u_body3" parent="初音ミク/初音ミク_arm/Skeleton" index="16"]
visible = false

[node name="u_body4" parent="初音ミク/初音ミク_arm/Skeleton" index="17"]
visible = false

[node name="hand" type="BoneAttachment" parent="初音ミク/初音ミク_arm/Skeleton" index="19"]
editor/display_folded = true
transform = Transform( 0.477968, 0.467636, -0.743548, 0.467612, 0.581114, 0.666067, 0.743602, -0.666082, 0.0590874, 1.00361, 2.59278, -0.050404 )
bone_name = "手首.L"

[node name="handArea" type="Area" parent="初音ミク/初音ミク_arm/Skeleton/hand" index="0"]
transform = Transform( 0.724342, -0.100735, 0.682007, 0.687683, 0.0349869, -0.725131, 0.0491877, 0.994298, 0.0946079, 0.0463627, -0.0698363, -0.169206 )

[node name="CollisionShape" type="CollisionShape" parent="初音ミク/初音ミク_arm/Skeleton/hand/handArea" index="0"]
shape = SubResource( 1 )

[node name="Leftfoot" type="BoneAttachment" parent="初音ミク/初音ミク_arm/Skeleton" index="20"]
transform = Transform( 0.997121, 0.0733743, -0.0191237, 0.0733743, -0.870087, 0.487406, 0.0191237, -0.487406, -0.872966, 0.175085, 0.268, 1.39698e-008 )
bone_name = "足首.L"

[node name="rightfoot" type="BoneAttachment" parent="初音ミク/初音ミク_arm/Skeleton" index="21"]
transform = Transform( 0.997121, -0.0733743, 0.0191237, -0.0733743, -0.870087, 0.487406, -0.0191237, -0.487406, -0.872966, -0.175085, 0.268, 1.39698e-008 )
bone_name = "足首.R"

[node name="hairL" type="BoneAttachment" parent="初音ミク/初音ミク_arm/Skeleton" index="22"]
editor/display_folded = true
transform = Transform( 0.950886, 0.189488, -0.244764, 0.189497, 0.26889, 0.944346, 0.244769, -0.944394, 0.219791, 0.32964, 3.92784, -0.290872 )
bone_name = "髪１.L"

[node name="hair_static_L" type="StaticBody" parent="初音ミク/初音ミク_arm/Skeleton/hairL" index="0"]

[node name="CollisionShape" type="CollisionShape" parent="初音ミク/初音ミク_arm/Skeleton/hairL/hair_static_L" index="0"]
transform = Transform( 0.999972, 0.00710109, -0.00201697, -0.00709933, 0.999974, 0.00143103, 0.00202662, -0.00141785, 0.999994, 0.157573, -0.00929201, -0.97247 )
shape = SubResource( 2 )

[node name="hairR" type="BoneAttachment" parent="初音ミク/初音ミク_arm/Skeleton" index="23"]
editor/display_folded = true
transform = Transform( 0.950886, -0.189488, 0.244764, -0.189497, 0.26889, 0.944346, -0.244769, -0.944394, 0.219791, -0.32964, 3.92784, -0.290872 )
bone_name = "髪１.R"

[node name="hair_static_L" type="StaticBody" parent="初音ミク/初音ミク_arm/Skeleton/hairR" index="0"]
transform = Transform( 1, 5.96046e-008, 1.49012e-008, 7.45058e-008, 1, -4.47035e-008, -2.23517e-008, 1.49012e-008, 1, -0.139914, 0.0278813, -0.0360146 )

[node name="CollisionShape" type="CollisionShape" parent="初音ミク/初音ミク_arm/Skeleton/hairR/hair_static_L" index="0"]
transform = Transform( 0.999972, 0.00710109, -0.00201697, -0.00709933, 0.999974, 0.00143103, 0.00202662, -0.00141785, 0.999994, 0.157573, -0.00929201, -0.97247 )
shape = SubResource( 2 )

[node name="head2" type="BoneAttachment" parent="初音ミク/初音ミク_arm/Skeleton" index="24"]
editor/display_folded = true
transform = Transform( 1, 0, 0, 0, 3.97116e-006, -1, 0, 1.00005, 0, 0, 3.38172, 2.29122e-008 )
bone_name = "頭"

[node name="RayCast" type="RayCast" parent="初音ミク/初音ミク_arm/Skeleton/head2" index="0"]
enabled = true
cast_to = Vector3( 0, 10, 0 )

[node name="body" type="BoneAttachment" parent="初音ミク/初音ミク_arm/Skeleton" index="25"]
editor/display_folded = true
transform = Transform( 1, 0, 0, 0, 0.0046716, 0.999989, 0, -0.999989, 0.0046716, 0, 2.64852, 0.0510538 )
bone_name = "下半身"

[node name="KinematicBody" type="KinematicBody" parent="初音ミク/初音ミク_arm/Skeleton/body" index="0"]

[node name="CollisionShape" type="CollisionShape" parent="初音ミク/初音ミク_arm/Skeleton/body/KinematicBody" index="0"]
transform = Transform( 1, 0, 0, 0, 1, -4.65661e-010, 0, 0, 1, 0, 0.00156816, 0.335676 )
shape = SubResource( 3 )

[node name="body_down" type="BoneAttachment" parent="初音ミク/初音ミク_arm/Skeleton" index="26"]
transform = Transform( 1, 0, 0, 0, 0.0046716, 0.999989, 0, -0.999989, 0.0046716, 0, 2.64852, 0.0510538 )
bone_name = "下半身"

[node name="AnimationPlayer" parent="." index="1"]
script = ExtResource( 3 )

[node name="Audio" type="AudioStreamPlayer" parent="." index="2"]
stream = ExtResource( 4 )

[node name="sound" parent="." index="3" instance=ExtResource( 5 )]
[connection signal="animation_finished" from="AnimationPlayer" to="AnimationPlayer" method="_on_AnimationPlayer_animation_finished"]
